# QW, QX, QY, QZ, TX, TY, TZ, CAMERA_ID, NAME
0.7486271946266434 -0.028726145954484524 0.65171771100132292 0.11830535563210756 0.11064470106098498 -1.0052323393946401 4.7812291443743318
-0.12828354307115822 -0.024299553962995428 0.96888754942975397 0.21026122042429987 -0.02907890768743223 -1.1521082346525104 4.7695813206986424
0.71200215914313314 0.0220193953400682 -0.6830448598640968 -0.16130031313550128 1.2353092870483122 -0.9807728022335428 3.779429680459264
0.99975722620691176 -0.0066818515353457156 0.020846502150315027 0.0025029692803591472 -1.4483101867619137 -0.93790203340768241 4.1229682778392558
0.74602356768965261 -0.02985713440812383 0.65461825552805519 0.11845812553786041 -0.32123870669953314 -0.89106127278104486 4.1675170618433803
-0.11078699279632022 -0.027195644232274628 0.97007926568288261 0.21431952186886569 1.2711460595378055 -0.70041143095161007 2.7039151228326239
0.70962543998706218 0.022297651841210214 -0.68484938836578824 -0.16406055254247578 0.6768810017982243 -0.84896617539328545 3.2320881341667111
0.73951094060567613 -0.024909515545131981 0.66150013477204694 0.12215013899451366 -1.2713739217612441 -0.64030916346560152 2.7479774355137936
0.99972739918028264 -0.0071685653914722132 0.022159874414502352 0.0016367542238901343 -0.37637823557053973 -0.69793153651820783 2.9969383057796803
-0.11710927778359785 -0.027285859761396775 0.96941434248645508 0.21395497539351493 0.8788755108682097 -0.83931265509515995 3.3531740332045512
0.99981095610933657 -0.0045511029017734177 0.018468788853289064 0.0040303032645622842 0.21547191931046475 -0.56497552003910334 2.378901758805259
0.70207482686929412 0.021488311662024705 -0.69309047054287176 -0.16203329775397118 -0.35218707322870596 -0.6056288802775408 2.1867031068875975
0.99976251619664791 -0.0060014447699477504 0.020803582118844061 0.0024707974107770333 -0.93916418131388868 -0.82133285634673714 3.5694517541536825
-0.12393678695334773 -0.027611693771696161 0.96869776122378737 0.21331177793727424 0.43638038488884262 -0.99367363482446047 4.0411999308623638
0.74129930537594269 -0.030100421575913062 0.65977615979137849 0.11943501764992903 -0.78436803876296779 -0.77049002299419911 3.4692278407107846
0.70551148424366295 0.021432191542852374 -0.68948746752404055 -0.16248458047845477 0.14244629863667815 -0.71992393599636584 2.6871546324330926